6 1
6 1
6 0
6 1
6 1
6 1
8 1
8 1
11 0
11 1
11 1
11 1
13 1
13 1
25 0
25 1
25 0
25 1
25 1
25 1
26 1
29 1
29 1
29 1
29 1
29 1
30 1
30 0
30 0
30 1
30 1
30 1
30 0
30 0
30 1
30 0
30 1
30 1
30 1
30 1
33 1
33 1
33 1
33 1
33 1
34 0
34 0
35 0
35 0
36 1
36 1
37 1
37 1
37 1
37 1
37 1
37 1
37 1
37 1
37 1
37 1
44 1
45 1
46 0
46 0
48 0
48 1
48 1
48 1
55 1
79 1
79 1
79 1
79 1
80 1
80 1
81 1
81 1
81 0
81 1
81 1
81 1
81 1
81 1
82 1
82 1
82 1
82 0
82 1
82 1
82 1
86 0
86 1
86 0
86 1
86 1
86 0
86 1
86 1
86 1
86 1
86 1
86 1
89 1
99 0
99 1
99 1
99 1
99 0
99 1
99 1
99 1
99 1
99 0
99 1
103 1
123 1
123 1
123 1
123 1
123 1